ID, Size, Predicted, Actual
0,120,0.04563864419886192,NO
1,22,0.04563864419886192,NO
2,75,0.04563864419886192,NO
3,135,0.04563864419886192,NO
4,79,0.04563864419886192,NO
5,91,0.04563864419886192,NO
6,70,0.04563864419886192,NO
7,57,0.04563864419886192,NO
8,70,0.04563864419886192,NO
9,59,0.04563864419886192,NO
10,88,0.04563864419886192,NO
11,40,0.04563864419886192,NO
12,104,0.04563864419886192,NO
13,196,0.04563864419886192,NO
14,202,0.04563864419886192,NO
15,97,0.04563864419886192,NO
16,99,0.04563864419886192,NO
17,96,0.04563864419886192,NO
18,189,0.04563864419886192,NO
19,151,0.04563864419886192,NO
20,153,0.04563864419886192,NO
21,199,0.04563864419886192,NO
22,90,0.04563864419886192,NO
23,115,0.04563864419886192,NO
24,62,0.04563864419886192,NO
25,61,0.04563864419886192,NO
26,91,0.04563864419886192,NO
27,81,0.04563864419886192,NO
28,91,0.04563864419886192,NO
29,67,0.04563864419886192,NO
30,88,0.04563864419886192,NO
31,85,0.04563864419886192,NO
32,49,0.04563864419886192,NO
33,102,0.04563864419886192,NO
34,94,0.04563864419886192,NO
35,72,0.04563864419886192,NO
36,70,0.04563864419886192,NO
37,87,0.04563864419886192,NO
38,166,0.04563864419886192,NO
39,116,0.04563864419886192,NO
40,155,0.04563864419886192,NO
41,67,0.04563864419886192,NO
42,88,0.04563864419886192,NO
43,40,0.04563864419886192,NO
44,57,0.04563864419886192,NO
45,39,0.04563864419886192,NO
46,98,0.04563864419886192,NO
47,106,0.04563864419886192,NO
48,101,0.04563864419886192,NO
49,94,0.04563864419886192,NO
50,76,0.04563864419886192,NO
51,116,0.04563864419886192,NO
52,56,0.04563864419886192,NO
53,48,0.04563864419886192,NO
54,82,0.04563864419886192,NO
55,45,0.04563864419886192,NO
56,45,0.04563864419886192,NO
57,30,0.04563864419886192,NO
58,78,0.04563864419886192,NO
59,302,0.04563864419886192,NO
60,87,0.04563864419886192,NO
61,198,0.04563864419886192,NO
62,175,0.04563864419886192,NO
63,65,0.04563864419886192,NO
64,105,0.04563864419886192,NO
65,58,0.04563864419886192,NO
66,196,0.04563864419886192,NO
67,106,0.04563864419886192,NO
68,130,0.04563864419886192,NO
69,64,0.04563864419886192,NO
70,132,0.04563864419886192,NO
71,62,0.04563864419886192,NO
72,108,0.04563864419886192,NO
73,432,0.04563864419886192,NO
74,174,0.04563864419886192,NO
75,246,0.04563864419886192,NO
76,106,0.04563864419886192,NO
77,121,0.04563864419886192,NO
78,110,0.04563864419886192,NO
79,58,0.04563864419886192,NO
80,37,0.04563864419886192,NO
81,77,0.04563864419886192,NO
82,142,0.04563864419886192,NO
83,114,0.04563864419886192,NO
84,80,0.04563864419886192,NO
85,59,0.04563864419886192,NO
86,69,0.04563864419886192,NO
87,95,0.04563864419886192,NO
88,64,0.04563864419886192,NO
89,164,0.04563864419886192,NO
90,70,0.04563864419886192,NO
91,32,0.04563864419886192,NO
92,148,0.04563864419886192,NO
93,156,0.04563864419886192,NO
94,119,0.04563864419886192,NO
95,116,0.04563864419886192,NO
96,93,0.04563864419886192,NO
97,256,0.8993082593790798,YES
98,123,0.04563864419886192,NO
99,201,0.04563864419886192,NO
100,180,0.04563864419886192,NO
101,156,0.04563864419886192,NO
102,98,0.04563864419886192,NO
103,86,0.04563864419886192,NO
104,48,0.04563864419886192,NO
105,143,0.04563864419886192,NO
106,145,0.04563864419886192,NO
107,113,0.04563864419886192,NO
108,146,0.04563864419886192,NO
109,113,0.04563864419886192,NO
110,147,0.04563864419886192,NO
111,125,0.04563864419886192,NO
112,252,0.04563864419886192,NO
113,368,0.04563864419886192,NO
114,106,0.04563864419886192,NO
115,181,0.04563864419886192,NO
116,260,0.04563864419886192,NO
117,618,0.04563864419886192,NO
118,39,0.04563864419886192,NO
119,39,0.04563864419886192,NO
120,39,0.04563864419886192,NO
121,24,0.04563864419886192,NO
122,62,0.04563864419886192,NO
123,77,0.04563864419886192,NO
124,77,0.04563864419886192,NO
125,54,0.04563864419886192,NO
126,92,0.04563864419886192,NO
127,58,0.04563864419886192,NO
128,24,0.04563864419886192,NO
129,64,0.04563864419886192,NO
130,216,0.04563864419886192,NO
131,36,0.04563864419886192,NO
132,36,0.04563864419886192,NO
133,208,0.04563864419886192,NO
134,64,0.04563864419886192,NO
135,39,0.04563864419886192,NO
136,47,0.04563864419886192,NO
137,74,0.04563864419886192,NO
138,71,0.04563864419886192,NO
139,123,0.04563864419886192,NO
140,44,0.04563864419886192,NO
141,122,0.04563864419886192,NO
142,53,0.04563864419886192,NO
143,239,0.04563864419886192,YES
144,44,0.04563864419886192,NO
145,171,0.04563864419886192,NO
146,523,0.04563864419886192,NO
147,132,0.04563864419886192,NO
148,178,0.04563864419886192,YES
149,130,0.04563864419886192,NO
150,460,0.04563864419886192,NO
151,71,0.04563864419886192,NO
152,447,0.296841999675591,NO
153,225,0.04563864419886192,NO
154,42,0.04563864419886192,NO
155,44,0.04563864419886192,NO
156,94,0.04563864419886192,NO
157,136,0.04563864419886192,NO
158,27,0.04563864419886192,NO
159,47,0.04563864419886192,NO
160,60,0.04563864419886192,NO
161,58,0.04563864419886192,NO
162,56,0.04563864419886192,NO
163,198,0.0,NO
164,54,0.04563864419886192,YES
165,49,0.04563864419886192,YES
166,32,0.04563864419886192,YES
167,43,0.04563864419886192,YES
168,111,0.04563864419886192,YES
169,29,0.04563864419886192,YES
170,49,0.04563864419886192,YES
171,78,0.04563864419886192,YES
172,45,0.04563864419886192,NO
173,31,0.04563864419886192,NO
174,30,0.04563864419886192,NO
175,36,0.04563864419886192,YES
176,43,0.04563864419886192,YES
177,47,0.04563864419886192,NO
178,35,0.04563864419886192,NO
179,62,0.04563864419886192,NO
180,64,0.04563864419886192,NO
181,30,0.04563864419886192,NO
182,154,0.04563864419886192,NO
183,53,0.04563864419886192,NO
184,45,0.04563864419886192,NO
185,68,0.04563864419886192,NO
186,68,0.04563864419886192,NO
187,60,0.04563864419886192,NO
188,60,0.04563864419886192,NO
189,85,0.04563864419886192,NO
190,92,0.04563864419886192,NO
191,156,0.04563864419886192,NO
192,98,0.04563864419886192,NO
193,131,0.04563864419886192,NO
194,194,0.04563864419886192,NO
195,201,0.04563864419886192,NO
196,69,0.04563864419886192,NO
197,68,0.04563864419886192,NO
198,52,0.04563864419886192,NO
199,50,0.04563864419886192,NO
200,202,0.04563864419886192,NO
201,73,0.04563864419886192,NO
202,42,0.04563864419886192,NO
203,35,0.04563864419886192,NO
204,125,0.04563864419886192,NO
205,65,0.04563864419886192,NO
206,48,0.04563864419886192,NO
207,89,0.04563864419886192,NO
208,153,0.04563864419886192,NO
209,40,0.04563864419886192,NO
210,64,0.04563864419886192,NO
211,99,0.04563864419886192,NO
212,73,0.04563864419886192,NO
213,72,0.04563864419886192,NO
214,51,0.04563864419886192,NO
215,36,0.04563864419886192,NO
216,31,0.04563864419886192,NO
217,61,0.04563864419886192,NO
218,74,0.04563864419886192,NO
219,101,0.04563864419886192,NO
220,86,0.04563864419886192,NO
221,106,0.04563864419886192,NO
222,91,0.04563864419886192,NO
223,58,0.04563864419886192,NO
224,106,0.04563864419886192,NO
225,143,0.04563864419886192,NO
226,52,0.04563864419886192,NO
227,88,0.04563864419886192,NO
228,66,0.04563864419886192,NO
229,44,0.04563864419886192,NO
230,158,0.04563864419886192,NO
231,51,0.04563864419886192,NO
232,36,0.04563864419886192,NO
233,63,0.04563864419886192,NO
234,110,0.04563864419886192,YES
235,29,0.04563864419886192,NO
236,104,0.04563864419886192,NO
237,38,0.04563864419886192,NO
238,44,0.04563864419886192,NO
239,96,0.04563864419886192,NO
240,42,0.04563864419886192,NO
241,48,0.04563864419886192,NO
242,36,0.04563864419886192,NO
243,43,0.04563864419886192,NO
244,81,0.04563864419886192,NO
245,75,0.04563864419886192,NO
246,81,0.04563864419886192,NO
247,88,0.04563864419886192,NO
248,42,0.04563864419886192,NO
249,82,0.04563864419886192,NO
250,55,0.04563864419886192,NO
251,48,0.04563864419886192,NO
252,72,0.04563864419886192,NO
253,113,0.04563864419886192,NO
254,55,0.04563864419886192,NO
255,35,0.04563864419886192,NO
256,47,0.04563864419886192,NO
257,101,0.04563864419886192,NO
258,109,0.04563864419886192,NO
259,28,0.04563864419886192,NO
260,54,0.04563864419886192,NO
261,158,0.04563864419886192,NO
262,52,0.04563864419886192,NO
263,53,0.04563864419886192,NO
264,81,0.04563864419886192,NO
265,83,0.04563864419886192,NO
266,63,0.04563864419886192,NO
267,48,0.04563864419886192,NO
268,55,0.04563864419886192,NO
269,149,0.04563864419886192,NO
270,263,0.04563864419886192,NO
271,179,0.04563864419886192,NO
272,37,0.04563864419886192,NO
273,25,0.04563864419886192,NO
274,30,0.04563864419886192,NO
275,36,0.04563864419886192,NO
276,30,0.04563864419886192,NO
277,27,0.04563864419886192,NO
278,37,0.04563864419886192,NO
279,33,0.04563864419886192,NO
280,31,0.04563864419886192,NO
281,56,0.04563864419886192,NO
282,101,0.04563864419886192,NO
283,139,0.04563864419886192,NO
284,85,0.04563864419886192,NO
285,95,0.04563864419886192,NO
286,60,0.04563864419886192,NO
287,35,0.04563864419886192,NO
288,26,0.04563864419886192,NO
289,69,0.04563864419886192,NO
290,64,0.04563864419886192,NO
291,39,0.04563864419886192,NO
292,41,0.04563864419886192,NO
293,167,0.04563864419886192,NO
294,66,0.04563864419886192,NO
295,93,0.04563864419886192,NO
296,86,0.04563864419886192,NO
297,117,0.04563864419886192,NO
298,90,0.04563864419886192,NO
299,48,0.04563864419886192,NO
300,85,0.04563864419886192,NO
301,43,0.04563864419886192,NO
302,90,0.04563864419886192,NO
303,202,0.04563864419886192,NO
304,141,0.04563864419886192,NO
305,30,0.04563864419886192,NO
306,29,0.04563864419886192,NO
307,67,0.04563864419886192,NO
308,242,0.04563864419886192,NO
309,72,0.04563864419886192,NO
310,50,0.04563864419886192,NO
311,89,0.04563864419886192,NO
312,40,0.04563864419886192,NO
313,49,0.04563864419886192,NO
314,249,0.04563864419886192,NO
315,40,0.04563864419886192,NO
316,171,0.04563864419886192,NO
317,40,0.04563864419886192,NO
318,32,0.04563864419886192,NO
319,271,0.04563864419886192,NO
320,55,0.04563864419886192,NO
321,80,0.04563864419886192,NO
322,28,0.04563864419886192,NO
323,44,0.04563864419886192,NO
324,83,0.04563864419886192,NO
325,67,0.04563864419886192,NO
326,36,0.04563864419886192,NO
327,384,0.04563864419886192,NO
328,196,0.04563864419886192,NO
329,312,0.04563864419886192,NO
330,120,0.04563864419886192,NO
331,315,0.04563864419886192,YES
332,112,0.04563864419886192,NO
333,119,0.04563864419886192,NO
334,146,0.04563864419886192,NO
335,86,0.04563864419886192,NO
336,69,0.04563864419886192,NO
337,88,0.04563864419886192,NO
338,42,0.04563864419886192,NO
339,32,0.04563864419886192,NO
340,56,0.04563864419886192,NO
341,102,0.04563864419886192,NO
342,56,0.04563864419886192,NO
343,89,0.04563864419886192,NO
344,40,0.04563864419886192,NO
345,80,0.04563864419886192,NO
346,46,0.04563864419886192,NO
347,46,0.04563864419886192,NO
348,68,0.04563864419886192,NO
349,80,0.04563864419886192,NO
350,66,0.04563864419886192,NO
351,100,0.04563864419886192,NO
352,32,0.04563864419886192,NO
353,31,0.04563864419886192,NO
354,36,0.04563864419886192,NO
355,59,0.04563864419886192,NO
356,44,0.04563864419886192,NO
357,29,0.04563864419886192,NO
358,280,0.04563864419886192,NO
359,67,0.04563864419886192,NO
360,60,0.04563864419886192,NO
361,46,0.04563864419886192,NO
362,133,0.04563864419886192,NO
363,333,0.04563864419886192,NO
364,36,0.04563864419886192,NO
365,44,0.04563864419886192,NO
366,823,0.04563864419886192,YES
367,26,0.04563864419886192,NO
368,70,0.04563864419886192,NO
369,213,0.04563864419886192,NO
370,192,0.04563864419886192,NO
371,562,0.04563864419886192,NO
372,46,0.04563864419886192,NO
373,31,0.04563864419886192,NO
374,83,0.04563864419886192,NO
375,71,0.04563864419886192,NO
376,83,0.04563864419886192,NO
377,40,0.04563864419886192,NO
378,32,0.04563864419886192,NO
379,57,0.04563864419886192,NO
380,97,0.04563864419886192,NO
381,64,0.04563864419886192,NO
382,94,0.04563864419886192,NO
383,45,0.04563864419886192,NO
384,98,0.04563864419886192,NO
385,46,0.04563864419886192,NO
386,46,0.04563864419886192,NO
387,337,0.04563864419886192,NO
388,143,0.04563864419886192,NO
389,81,0.04563864419886192,NO
390,132,0.04563864419886192,NO
391,162,0.04563864419886192,NO
392,85,0.04563864419886192,NO
393,454,0.04563864419886192,NO
394,316,0.04563864419886192,NO
395,49,0.04563864419886192,NO
396,32,0.04563864419886192,NO
397,64,0.04563864419886192,NO
398,105,0.04563864419886192,NO
399,82,0.04563864419886192,NO
400,111,0.04563864419886192,NO
401,42,0.04563864419886192,NO
402,63,0.04563864419886192,NO
403,235,0.04563864419886192,NO
404,75,0.04563864419886192,NO
405,43,0.04563864419886192,NO
406,33,0.04563864419886192,NO
407,66,0.04563864419886192,NO
408,99,0.04563864419886192,NO
409,40,0.04563864419886192,NO
410,160,0.04563864419886192,NO
411,40,0.04563864419886192,NO
412,32,0.04563864419886192,NO
413,613,0.04563864419886192,YES
414,328,0.04563864419886192,YES
415,101,0.04563864419886192,YES
416,281,0.04563864419886192,NO
417,72,0.04563864419886192,NO
418,121,0.04563864419886192,YES
419,35,0.04563864419886192,YES
420,154,0.04563864419886192,YES
421,61,0.04563864419886192,YES
422,58,0.04563864419886192,NO
423,32,0.04563864419886192,NO
424,78,0.04563864419886192,NO
425,36,0.04563864419886192,NO
426,102,0.04563864419886192,NO
427,406,0.04563864419886192,NO
428,71,0.04563864419886192,NO
429,76,0.04563864419886192,NO
430,124,0.04563864419886192,NO
431,86,0.04563864419886192,NO
432,25,0.04563864419886192,NO
433,41,0.04563864419886192,NO
434,213,0.04563864419886192,NO
435,98,0.04563864419886192,YES
436,201,0.04563864419886192,NO
437,29,0.04563864419886192,NO
438,75,0.04563864419886192,NO
439,44,0.04563864419886192,NO
440,56,0.04563864419886192,NO
441,43,0.04563864419886192,NO
442,240,0.04563864419886192,YES
443,285,0.04563864419886192,YES
444,27,0.04563864419886192,NO
445,38,0.04563864419886192,NO
446,27,0.04563864419886192,NO
447,41,0.04563864419886192,NO
448,88,0.04563864419886192,NO
449,28,0.04563864419886192,NO
450,364,0.04563864419886192,YES
451,50,0.04563864419886192,NO
452,52,0.04563864419886192,YES
453,38,0.04563864419886192,NO
454,52,0.04563864419886192,NO
455,38,0.04563864419886192,NO
456,43,0.04563864419886192,NO
457,47,0.04563864419886192,NO
458,50,0.04563864419886192,NO
459,25,0.04563864419886192,NO
460,113,0.04563864419886192,NO
461,36,0.04563864419886192,NO
462,116,0.04563864419886192,NO
463,178,0.04563864419886192,YES
464,48,0.04563864419886192,NO
465,32,0.04563864419886192,NO
466,34,0.04563864419886192,NO
467,48,0.04563864419886192,NO
468,49,0.04563864419886192,NO
469,26,0.04563864419886192,NO
470,51,0.04563864419886192,NO
471,31,0.04563864419886192,NO
472,116,0.04563864419886192,NO
473,26,0.04563864419886192,NO
474,30,0.04563864419886192,NO
475,40,0.04563864419886192,NO
476,60,0.04563864419886192,YES
477,49,0.04563864419886192,NO
478,58,0.04563864419886192,NO
479,37,0.04563864419886192,NO
480,289,0.04563864419886192,NO
481,108,0.34154583423971957,NO
482,63,0.04563864419886192,NO
483,31,0.04563864419886192,NO
484,84,0.04563864419886192,NO
485,41,0.04563864419886192,NO
486,28,0.04563864419886192,NO
487,34,0.04563864419886192,NO
488,26,0.04563864419886192,NO
489,39,0.04563864419886192,NO
490,164,0.04563864419886192,NO
491,48,0.04563864419886192,NO
492,133,0.04563864419886192,NO
493,108,0.04563864419886192,NO
494,111,0.04563864419886192,NO
495,73,0.04563864419886192,NO
496,449,0.04563864419886192,NO
497,84,0.04563864419886192,NO
498,38,0.04563864419886192,NO
499,95,0.04563864419886192,NO
500,118,0.04563864419886192,NO
501,79,0.04563864419886192,NO
502,60,0.04563864419886192,NO
503,56,0.04563864419886192,NO
504,119,0.04563864419886192,NO
505,76,0.04563864419886192,NO
506,87,0.04563864419886192,NO
507,38,0.04563864419886192,NO
508,39,0.04563864419886192,NO
509,38,0.04563864419886192,NO
510,40,0.04563864419886192,NO
511,41,0.04563864419886192,NO
512,97,0.04563864419886192,NO
513,42,0.04563864419886192,NO
514,34,0.04563864419886192,NO
515,36,0.04563864419886192,NO
516,41,0.04563864419886192,NO
517,44,0.04563864419886192,NO
518,37,0.04563864419886192,NO
519,107,0.04563864419886192,NO
520,334,0.04563864419886192,NO
521,67,0.04563864419886192,NO
522,88,0.04563864419886192,NO
523,64,0.04563864419886192,NO
524,34,0.04563864419886192,NO
525,37,0.04563864419886192,NO
526,71,0.04563864419886192,NO
527,262,0.04563864419886192,NO
528,97,0.04563864419886192,NO
529,35,0.04563864419886192,NO
530,85,0.04563864419886192,NO
531,119,0.04563864419886192,NO
532,39,0.04563864419886192,NO
533,179,0.04563864419886192,NO
534,120,0.04563864419886192,NO
535,178,0.04563864419886192,NO
536,153,0.04563864419886192,NO
537,89,0.04563864419886192,NO
538,50,0.04563864419886192,NO
539,36,0.04563864419886192,NO
540,109,0.04563864419886192,YES
541,148,0.04563864419886192,NO
542,137,0.04563864419886192,NO
543,133,0.04563864419886192,NO
544,131,0.04563864419886192,NO
545,176,0.04563864419886192,NO
546,70,0.04563864419886192,YES
547,53,0.04563864419886192,NO
548,37,0.04563864419886192,YES
549,76,0.04563864419886192,YES
550,71,0.04563864419886192,NO
551,32,0.04563864419886192,NO
552,43,0.04563864419886192,NO
553,29,0.04563864419886192,NO
554,24,0.04563864419886192,NO
555,41,0.04563864419886192,NO
556,300,0.04563864419886192,NO
557,120,0.04563864419886192,NO
558,137,0.04563864419886192,NO
559,95,0.04563864419886192,NO
560,96,0.04563864419886192,NO
561,56,0.04563864419886192,NO
562,40,0.04563864419886192,NO
563,350,0.04563864419886192,NO
564,112,0.04563864419886192,NO
565,71,0.04563864419886192,NO
566,93,0.04563864419886192,NO
567,381,0.04563864419886192,NO
568,115,0.04563864419886192,NO
569,69,0.04563864419886192,NO
570,98,0.04563864419886192,NO
571,157,0.04563864419886192,NO
572,59,0.04563864419886192,NO
573,30,0.04563864419886192,NO
574,57,0.04563864419886192,NO
575,182,0.04563864419886192,NO
576,160,0.04563864419886192,NO
577,32,0.04563864419886192,NO
578,24,0.04563864419886192,NO
579,50,0.04563864419886192,NO
580,50,0.04563864419886192,NO
581,63,0.04563864419886192,NO
582,116,0.04563864419886192,NO
583,182,0.04563864419886192,NO
584,69,0.04563864419886192,NO
585,27,0.04563864419886192,NO
586,67,0.04563864419886192,NO
587,44,0.04563864419886192,NO
588,33,0.04563864419886192,NO
589,105,0.04563864419886192,NO
590,81,0.04563864419886192,NO
591,56,0.04563864419886192,NO
592,88,0.04563864419886192,NO
593,67,0.04563864419886192,NO
594,72,0.04563864419886192,NO
595,89,0.04563864419886192,NO
596,304,0.04563864419886192,NO
597,2574,0.30771457199067515,NO
598,58,0.04563864419886192,NO
599,32,0.04563864419886192,NO
600,49,0.04563864419886192,NO
601,27,0.04563864419886192,NO
602,31,0.04563864419886192,NO
603,72,0.04563864419886192,NO
604,83,0.04563864419886192,NO
605,82,0.04563864419886192,YES
606,590,0.04563864419886192,NO
607,242,0.04563864419886192,YES
608,351,0.04563864419886192,NO
609,32,0.04563864419886192,NO
610,40,0.04563864419886192,NO
611,452,0.04563864419886192,NO
612,409,0.04563864419886192,NO
613,50,0.04563864419886192,NO
614,276,0.04563864419886192,NO
615,124,0.04563864419886192,YES
616,201,0.04563864419886192,NO
617,248,0.04563864419886192,NO
618,26,0.04563864419886192,NO
619,22,0.04563864419886192,NO
620,229,0.04563864419886192,NO
621,311,0.04563864419886192,NO
622,158,0.04563864419886192,NO
623,423,0.04563864419886192,NO
624,35,0.04563864419886192,NO
625,24,0.04563864419886192,NO
626,25,0.04563864419886192,NO
627,119,0.04563864419886192,NO
628,153,0.04563864419886192,NO
629,51,0.04563864419886192,NO
630,51,0.04563864419886192,NO
631,41,0.04563864419886192,NO
632,22,0.04563864419886192,NO
633,244,0.04563864419886192,NO
634,24,0.04563864419886192,NO
635,27,0.04563864419886192,NO
636,44,0.04563864419886192,NO
637,222,0.04563864419886192,NO
638,126,0.04563864419886192,NO
639,216,0.23493763426116374,NO
640,65,0.32589393939393935,NO
641,28,0.04563864419886192,NO
642,724,0.04563864419886192,NO
643,252,0.04563864419886192,NO
644,36,0.04563864419886192,NO
645,40,0.04563864419886192,NO
646,348,0.04563864419886192,NO
647,369,0.04563864419886192,NO
648,30,0.04563864419886192,NO
649,40,0.04563864419886192,NO
650,35,0.04563864419886192,NO
651,80,0.04563864419886192,NO
652,125,0.04563864419886192,YES
653,89,0.04563864419886192,NO
654,51,0.04563864419886192,NO
655,55,0.04563864419886192,NO
656,52,0.04563864419886192,NO
657,65,0.04563864419886192,NO
658,86,0.04563864419886192,NO
659,116,0.04563864419886192,NO
660,61,0.04563864419886192,NO
661,59,0.04563864419886192,NO
662,216,0.04563864419886192,NO
663,270,0.04563864419886192,NO
664,81,0.04563864419886192,NO
665,74,0.04563864419886192,NO
666,214,0.04563864419886192,NO
667,79,0.04563864419886192,NO
668,118,0.04563864419886192,NO
669,75,0.04563864419886192,NO
670,130,0.04563864419886192,NO
671,81,0.04563864419886192,NO
672,36,0.04563864419886192,NO
673,75,0.04563864419886192,YES
674,213,0.04563864419886192,NO
675,26,0.04563864419886192,NO
676,135,0.04563864419886192,NO
677,71,0.04563864419886192,NO
678,209,0.04563864419886192,NO
679,189,0.04563864419886192,NO
680,66,0.04563864419886192,NO
681,188,0.04563864419886192,NO
682,69,0.04563864419886192,NO
683,65,0.04563864419886192,NO
684,108,0.04563864419886192,NO
685,46,0.04563864419886192,NO
686,53,0.04563864419886192,NO
687,447,0.04563864419886192,NO
688,386,0.04563864419886192,NO
689,30,0.04563864419886192,NO
690,140,0.04563864419886192,NO
691,41,0.04563864419886192,NO
692,22,0.04563864419886192,NO
693,177,0.04563864419886192,NO
694,357,0.04563864419886192,NO
695,243,0.04563864419886192,NO
696,31,0.04563864419886192,NO
697,22,0.04563864419886192,NO
698,610,0.04563864419886192,NO
699,249,0.04563864419886192,NO
700,78,0.04563864419886192,NO
701,33,0.04563864419886192,NO
702,81,0.04563864419886192,NO
703,64,0.04563864419886192,NO
704,108,0.04563864419886192,NO
705,57,0.04563864419886192,NO
706,76,0.04563864419886192,NO
707,79,0.04563864419886192,NO
708,70,0.04563864419886192,NO
709,32,0.04563864419886192,NO
710,31,0.04563864419886192,NO
711,37,0.04563864419886192,NO
712,83,0.04563864419886192,NO
713,22,0.04563864419886192,NO
714,45,0.04563864419886192,NO
715,177,0.04563864419886192,YES
716,28,0.04563864419886192,NO
717,234,0.04563864419886192,NO
718,92,0.04563864419886192,NO
719,325,0.04563864419886192,YES
720,448,0.04563864419886192,NO
721,612,0.04563864419886192,NO
722,211,0.04563864419886192,NO
723,52,0.04563864419886192,NO
724,87,0.04563864419886192,NO
725,105,0.04563864419886192,NO
726,429,0.04563864419886192,NO
727,35,0.04563864419886192,NO
728,61,0.04563864419886192,NO
729,166,0.04563864419886192,NO
730,33,0.04563864419886192,NO
731,113,0.04563864419886192,NO
732,286,0.04563864419886192,NO
733,75,0.04563864419886192,NO
734,93,0.04563864419886192,NO
735,52,0.04563864419886192,NO
736,393,0.04563864419886192,NO
737,59,0.04563864419886192,NO
738,129,0.04563864419886192,NO
739,24,0.04563864419886192,NO
740,97,0.04563864419886192,YES
741,566,0.04563864419886192,NO
742,111,0.04563864419886192,NO
743,87,0.04563864419886192,NO
744,31,0.04563864419886192,NO
745,90,0.04563864419886192,NO
746,139,0.04563864419886192,NO
747,171,0.04563864419886192,NO
748,22,0.04563864419886192,NO
749,76,0.04563864419886192,NO
750,47,0.04563864419886192,NO
751,256,0.04563864419886192,NO
752,147,0.04563864419886192,NO
753,626,0.04563864419886192,NO
754,62,0.04563864419886192,NO
755,405,0.04563864419886192,NO
756,1158,0.04563864419886192,NO
757,405,0.04563864419886192,NO
758,607,0.04563864419886192,NO
759,513,0.04563864419886192,NO
760,703,0.04563864419886192,NO
761,1389,0.04563864419886192,NO
762,878,0.04563864419886192,NO
763,767,0.04563864419886192,NO
764,901,0.04563864419886192,NO
765,751,0.04563864419886192,NO
766,851,0.04563864419886192,NO
767,462,0.04563864419886192,NO
768,2193,0.04563864419886192,NO
769,62,0.04563864419886192,NO
770,457,0.04563864419886192,NO
771,405,0.04563864419886192,NO
772,506,0.04563864419886192,NO
773,505,0.04563864419886192,NO
774,1328,0.04563864419886192,NO
775,2935,0.04563864419886192,NO
776,713,0.04563864419886192,NO
777,525,0.04563864419886192,NO
778,498,0.04563864419886192,NO
779,387,0.04563864419886192,NO
780,914,0.04563864419886192,NO
781,921,0.04563864419886192,NO
782,421,0.04563864419886192,NO
783,506,0.04563864419886192,NO
784,800,0.04563864419886192,NO
785,405,0.04563864419886192,NO
786,405,0.04563864419886192,NO
787,635,0.04563864419886192,NO
788,640,0.04563864419886192,NO
789,460,0.04563864419886192,NO
790,521,0.04563864419886192,NO
791,465,0.04563864419886192,NO
792,113,0.04563864419886192,NO
793,405,0.04563864419886192,NO
794,560,0.04563864419886192,NO
795,631,0.04563864419886192,NO
796,405,0.04563864419886192,NO
797,405,0.04563864419886192,NO
798,406,0.04563864419886192,NO
799,457,0.04563864419886192,NO
800,470,0.04563864419886192,NO
801,405,0.04563864419886192,NO
802,804,0.04563864419886192,NO
803,459,0.04563864419886192,NO
804,754,0.04563864419886192,NO
805,555,0.04563864419886192,NO
806,675,0.04563864419886192,NO
807,470,0.04563864419886192,NO
808,474,0.04563864419886192,NO
809,835,0.04563864419886192,NO
810,65,0.04563864419886192,NO
811,45416,0.04563864419886192,NO
812,795,0.04563864419886192,NO
813,555,0.04563864419886192,NO
814,405,0.04563864419886192,NO
815,299,0.04563864419886192,NO
816,65,0.04563864419886192,NO
817,74,0.04563864419886192,NO
818,630,0.04563864419886192,NO
819,509,0.04563864419886192,NO
820,663,0.04563864419886192,NO
821,566,0.04563864419886192,NO
822,515,0.04563864419886192,NO
823,387,0.04563864419886192,NO
824,406,0.04563864419886192,NO
825,513,0.04563864419886192,NO
826,916,0.04563864419886192,NO
827,513,0.04563864419886192,NO
828,1381,0.04563864419886192,NO
829,1271,0.04563864419886192,NO
830,553,0.04563864419886192,NO
831,532,0.04563864419886192,NO
832,1445,0.04563864419886192,NO
833,623,0.04563864419886192,NO
834,1264,0.04563864419886192,NO
835,515,0.04563864419886192,NO
836,387,0.04563864419886192,NO
837,460,0.04563864419886192,NO
838,2143,0.04563864419886192,NO
839,62,0.04563864419886192,NO
840,2756,0.04563864419886192,NO
841,1093,0.04563864419886192,NO
842,68,0.04563864419886192,NO
843,1900,0.04563864419886192,NO
844,604,0.04563864419886192,NO
845,1879,0.04563864419886192,NO
846,43,0.04563864419886192,NO
847,77,0.04563864419886192,NO
848,24,0.04563864419886192,NO
849,76,0.04563864419886192,NO
850,64,0.04563864419886192,NO
851,106,0.04563864419886192,NO
852,65,0.04563864419886192,YES
853,61,0.04563864419886192,NO
854,51,0.04563864419886192,NO
855,38,0.04563864419886192,NO
856,44,0.04563864419886192,NO
857,41,0.04563864419886192,NO
858,40,0.04563864419886192,NO
859,40,0.04563864419886192,NO
860,40,0.04563864419886192,NO
861,44,0.04563864419886192,NO
862,39,0.04563864419886192,NO
863,39,0.04563864419886192,NO
864,44,0.04563864419886192,NO
865,130,0.04563864419886192,NO
866,140,0.04563864419886192,NO
867,101,0.04563864419886192,NO
868,695,0.04563864419886192,YES
869,56,0.04563864419886192,NO
870,52,0.04563864419886192,NO
871,49,0.04563864419886192,NO
872,60,0.04563864419886192,NO
873,63,0.04563864419886192,NO
874,31,0.04563864419886192,NO
875,59,0.04563864419886192,NO
876,53,0.04563864419886192,NO
877,57,0.04563864419886192,NO
878,164,0.04563864419886192,NO
879,612,0.04563864419886192,NO
880,113,0.04563864419886192,NO
881,75,0.04563864419886192,NO
882,26,0.04563864419886192,NO
883,28,0.04563864419886192,NO
884,26,0.04563864419886192,NO
885,26,0.04563864419886192,NO
886,152,0.31314605354719405,NO
887,202,0.31314605354719405,NO
888,31,0.04563864419886192,NO
889,209,0.04563864419886192,NO
890,30,0.04563864419886192,NO
891,133,0.04563864419886192,NO
892,411,0.04563864419886192,NO
893,118,0.04563864419886192,NO
894,58,0.04563864419886192,NO
895,144,0.04563864419886192,NO
896,43,0.04563864419886192,NO
897,56,0.04563864419886192,NO
898,35,0.04563864419886192,NO
899,114,0.04563864419886192,NO
900,154,0.04563864419886192,NO
901,31,0.04563864419886192,NO
902,157,0.04563864419886192,NO
903,30,0.04563864419886192,NO
904,158,0.04563864419886192,NO
905,83,0.04563864419886192,NO
906,153,0.04563864419886192,NO
907,68,0.04563864419886192,NO
908,273,0.04563864419886192,NO
909,91,0.04563864419886192,YES
910,56,0.04563864419886192,NO
911,74,0.04563864419886192,NO
912,57,0.04563864419886192,NO
913,70,0.04563864419886192,NO
914,67,0.04563864419886192,NO
915,122,0.04563864419886192,NO
916,85,0.04563864419886192,NO
917,118,0.04563864419886192,NO
918,70,0.04563864419886192,NO
919,86,0.04563864419886192,NO
920,76,0.04563864419886192,NO
921,146,0.04563864419886192,NO
922,88,0.04563864419886192,NO
923,165,0.04563864419886192,NO
924,34,0.04563864419886192,NO
925,38,0.04563864419886192,NO
926,39,0.04563864419886192,NO
927,43,0.04563864419886192,NO
928,63,0.04563864419886192,NO
929,23,0.04563864419886192,NO
930,22,0.04563864419886192,NO
931,81,0.04563864419886192,NO
932,24,0.04563864419886192,NO
933,22,0.04563864419886192,NO
934,53,0.04563864419886192,NO
935,45,0.04563864419886192,NO
936,50,0.04563864419886192,NO
937,38,0.04563864419886192,NO
938,31,0.04563864419886192,NO
939,30,0.04563864419886192,NO
940,31,0.04563864419886192,NO
941,37,0.04563864419886192,NO
942,31,0.04563864419886192,NO
943,32,0.04563864419886192,NO
944,110,0.04563864419886192,NO
945,26,0.04563864419886192,NO
946,211,0.04563864419886192,NO
947,262,0.04563864419886192,NO
948,27,0.04563864419886192,NO
949,112,0.04563864419886192,NO
950,109,0.04563864419886192,NO
951,139,0.04563864419886192,NO
952,79,0.04563864419886192,NO
953,79,0.04563864419886192,NO
954,82,0.04563864419886192,NO
955,204,0.04563864419886192,NO
956,40,0.04563864419886192,NO
957,184,0.04563864419886192,NO
958,50,0.04563864419886192,NO
959,96,0.04563864419886192,NO
960,49,0.04563864419886192,NO
961,52,0.04563864419886192,NO
962,31,0.04563864419886192,NO
963,72,0.04563864419886192,NO
964,43,0.04563864419886192,NO
965,28,0.04563864419886192,NO
966,116,0.04563864419886192,NO
967,25,0.04563864419886192,NO
968,217,0.04563864419886192,NO
969,274,0.3609047619047618,NO
970,75,0.04563864419886192,NO
971,168,0.04563864419886192,NO
972,69,0.04563864419886192,NO
973,110,0.04563864419886192,NO
974,94,0.31314605354719405,NO
975,99,0.04563864419886192,NO
976,25,0.04563864419886192,NO
977,25,0.04563864419886192,NO
978,33,0.04563864419886192,NO
979,855,0.04563864419886192,NO
980,111,0.04563864419886192,NO
981,168,0.04563864419886192,NO
982,54,0.04563864419886192,NO
983,49,0.04563864419886192,NO
984,40,0.04563864419886192,NO
985,45,0.04563864419886192,NO
986,61,0.04563864419886192,NO
987,119,0.04563864419886192,NO
988,132,0.04563864419886192,NO
989,87,0.04563864419886192,NO
990,516,0.04563864419886192,NO
991,81,0.04563864419886192,NO
992,219,0.04563864419886192,NO
993,125,0.04563864419886192,NO
994,363,0.04563864419886192,YES
995,98,0.04563864419886192,NO
996,340,0.04563864419886192,NO
997,296,0.04563864419886192,NO
998,54,0.04563864419886192,NO
999,517,0.04563864419886192,YES
1000,138,0.04563864419886192,NO
1001,435,0.04563864419886192,NO
1002,184,0.04563864419886192,NO
1003,116,0.04563864419886192,NO
1004,56,0.04563864419886192,NO
1005,40,0.04563864419886192,NO
1006,350,0.04563864419886192,NO
1007,126,0.04563864419886192,NO
1008,42,0.04563864419886192,NO
1009,80,0.04563864419886192,NO
1010,36,0.04563864419886192,NO
1011,580,0.04563864419886192,NO
1012,47,0.04563864419886192,NO
1013,47,0.04563864419886192,NO
1014,76,0.04563864419886192,NO
1015,94,0.04563864419886192,NO
1016,401,0.04563864419886192,NO
1017,96,0.04563864419886192,NO
1018,42,0.04563864419886192,NO
1019,53,0.04563864419886192,NO
1020,55,0.04563864419886192,NO
1021,40,0.04563864419886192,NO
1022,42,0.04563864419886192,NO
1023,48,0.04563864419886192,NO
1024,41,0.04563864419886192,NO
1025,57,0.04563864419886192,NO
1026,45,0.04563864419886192,NO
1027,29,0.04563864419886192,NO
1028,154,0.04563864419886192,NO
1029,174,0.04563864419886192,NO
1030,94,0.04563864419886192,NO
1031,161,0.04563864419886192,NO
1032,53,0.04563864419886192,NO
1033,82,0.04563864419886192,NO
1034,117,0.04563864419886192,NO
1035,77,0.04563864419886192,NO
1036,78,0.04563864419886192,NO
1037,63,0.04563864419886192,NO
1038,174,0.04563864419886192,NO
1039,47,0.04563864419886192,NO
1040,172,0.04563864419886192,NO
1041,47,0.04563864419886192,NO
1042,173,0.04563864419886192,NO
1043,60,0.04563864419886192,NO
1044,58,0.04563864419886192,NO
1045,68,0.04563864419886192,NO
1046,85,0.04563864419886192,NO
1047,269,0.04563864419886192,NO
1048,112,0.04563864419886192,NO
1049,44,0.04563864419886192,NO
1050,104,0.04563864419886192,NO
1051,210,0.04563864419886192,NO
1052,54,0.04563864419886192,NO
1053,96,0.04563864419886192,NO
1054,31,0.04563864419886192,NO
1055,71,0.04563864419886192,NO
1056,55,0.04563864419886192,NO
1057,158,0.04563864419886192,NO
1058,92,0.04563864419886192,NO
1059,64,0.04563864419886192,NO
1060,58,0.04563864419886192,NO
1061,65,0.04563864419886192,NO
1062,64,0.04563864419886192,NO
1063,64,0.04563864419886192,NO
1064,56,0.04563864419886192,NO
1065,23,0.04563864419886192,NO
1066,40,0.04563864419886192,NO
1067,24,0.04563864419886192,NO
1068,26,0.04563864419886192,NO
1069,56,0.04563864419886192,NO
1070,60,0.04563864419886192,NO
1071,50,0.04563864419886192,NO
1072,58,0.04563864419886192,NO
1073,61,0.04563864419886192,NO
1074,35,0.04563864419886192,NO
1075,240,0.04563864419886192,NO
1076,52,0.04563864419886192,NO
1077,32,0.04563864419886192,NO
1078,32,0.04563864419886192,NO
1079,32,0.04563864419886192,NO
1080,32,0.04563864419886192,NO
1081,172,0.04563864419886192,NO
1082,232,0.04563864419886192,NO
1083,23,0.04563864419886192,NO
1084,24,0.04563864419886192,NO
1085,105,0.04563864419886192,NO
1086,31,0.04563864419886192,NO
1087,34,0.04563864419886192,NO
1088,29,0.04563864419886192,NO
1089,31,0.04563864419886192,NO
1090,40,0.04563864419886192,NO
1091,37,0.04563864419886192,NO
1092,29,0.04563864419886192,NO
1093,42,0.04563864419886192,NO
1094,316,0.04563864419886192,YES
1095,41,0.04563864419886192,NO
1096,143,0.04563864419886192,NO
1097,65,0.04563864419886192,NO
1098,29,0.04563864419886192,NO
1099,22,0.04563864419886192,NO
1100,25,0.04563864419886192,NO
1101,24,0.04563864419886192,NO
1102,114,0.04563864419886192,NO
1103,43,0.04563864419886192,NO
1104,48,0.04563864419886192,NO
1105,30,0.04563864419886192,NO
1106,55,0.04563864419886192,NO
1107,69,0.04563864419886192,NO
1108,38,0.04563864419886192,NO
1109,28,0.04563864419886192,NO
1110,30,0.04563864419886192,NO
1111,106,0.04563864419886192,NO
1112,115,0.04563864419886192,NO
1113,76,0.04563864419886192,NO
1114,2610,0.04563864419886192,NO
1115,199,0.04563864419886192,NO
1116,84,0.04563864419886192,NO
1117,22,0.04563864419886192,NO
1118,31,0.04563864419886192,NO
1119,33,0.04563864419886192,NO
1120,236,0.04563864419886192,NO
1121,412,0.04563864419886192,NO
1122,399,0.04563864419886192,NO
1123,106,0.04563864419886192,NO
1124,25,0.04563864419886192,NO
1125,52,0.04563864419886192,NO
1126,52,0.04563864419886192,NO
1127,65,0.04563864419886192,NO
1128,72,0.04563864419886192,NO
1129,39,0.04563864419886192,NO
1130,48,0.04563864419886192,NO
1131,42,0.04563864419886192,NO
1132,87,0.04563864419886192,NO
1133,55,0.04563864419886192,NO
1134,57,0.04563864419886192,NO
1135,100,0.04563864419886192,NO
1136,42,0.04563864419886192,NO
1137,179,0.04563864419886192,NO
1138,100,0.04563864419886192,NO
1139,42,0.04563864419886192,NO
1140,38,0.04563864419886192,NO
1141,61,0.04563864419886192,NO
1142,24,0.04563864419886192,NO
1143,61,0.04563864419886192,NO
1144,180,0.04563864419886192,NO
1145,38,0.04563864419886192,NO
1146,57,0.04563864419886192,NO
1147,51,0.04563864419886192,NO
1148,60,0.04563864419886192,NO
1149,48,0.04563864419886192,NO
1150,51,0.04563864419886192,NO
1151,186,0.04563864419886192,NO
1152,52,0.04563864419886192,NO
1153,53,0.04563864419886192,NO
1154,56,0.04563864419886192,NO
1155,37,0.04563864419886192,NO
1156,111,0.04563864419886192,NO
1157,63,0.04563864419886192,NO
1158,62,0.04563864419886192,NO
1159,139,0.04563864419886192,NO
1160,76,0.04563864419886192,NO
1161,60,0.04563864419886192,NO
1162,43,0.04563864419886192,NO
1163,31,0.04563864419886192,NO
1164,45,0.04563864419886192,NO
1165,85,0.04563864419886192,NO
1166,37,0.04563864419886192,NO
1167,27,0.04563864419886192,NO
1168,65,0.04563864419886192,NO
1169,86,0.04563864419886192,NO
1170,34,0.04563864419886192,NO
1171,83,0.04563864419886192,NO
1172,31,0.04563864419886192,NO
1173,32,0.04563864419886192,NO
1174,31,0.04563864419886192,NO
1175,31,0.04563864419886192,NO
1176,84,0.04563864419886192,NO
1177,209,0.04563864419886192,NO
1178,67,0.04563864419886192,NO
1179,72,0.04563864419886192,NO
1180,26,0.04563864419886192,NO
1181,103,0.04563864419886192,NO
1182,29,0.04563864419886192,NO
1183,36,0.04563864419886192,NO
1184,33,0.04563864419886192,NO
1185,29,0.04563864419886192,NO
1186,44,0.04563864419886192,NO
1187,29,0.04563864419886192,NO
1188,29,0.04563864419886192,NO
1189,25,0.04563864419886192,NO
1190,48,0.04563864419886192,NO
1191,56,0.04563864419886192,NO
1192,26,0.04563864419886192,NO
1193,40,0.04563864419886192,NO
1194,184,0.04563864419886192,NO
1195,32,0.04563864419886192,NO
1196,53,0.04563864419886192,NO
1197,36,0.04563864419886192,NO
1198,28,0.04563864419886192,NO
1199,22,0.04563864419886192,NO
1200,193,0.04563864419886192,NO
1201,372,0.04563864419886192,NO
1202,580,0.04563864419886192,NO
1203,361,0.04563864419886192,YES
1204,33,0.04563864419886192,NO
1205,24,0.04563864419886192,NO
1206,28,0.04563864419886192,NO
1207,25,0.04563864419886192,NO
1208,25,0.04563864419886192,NO
1209,26,0.04563864419886192,NO
1210,46,0.04563864419886192,NO
1211,64,0.04563864419886192,NO
1212,158,0.04563864419886192,NO
1213,24,0.04563864419886192,NO
1214,24,0.04563864419886192,NO
1215,312,0.04563864419886192,NO
1216,26,0.04563864419886192,NO
1217,31,0.04563864419886192,NO
1218,94,0.04563864419886192,NO
1219,61,0.04563864419886192,NO
1220,96,0.04563864419886192,NO
1221,217,0.04563864419886192,NO
1222,521,0.04563864419886192,NO
1223,56,0.04563864419886192,NO
1224,69,0.04563864419886192,NO
1225,160,0.04563864419886192,NO
1226,142,0.04563864419886192,NO
1227,149,0.04563864419886192,NO
1228,47,0.04563864419886192,NO
1229,173,0.04563864419886192,YES
1230,33,0.04563864419886192,NO
1231,30,0.04563864419886192,NO
1232,857,0.04563864419886192,NO
1233,59,0.04563864419886192,NO
1234,986,0.32589393939393935,NO
1235,121,0.04563864419886192,NO
1236,183,0.04563864419886192,NO
1237,32,0.04563864419886192,NO
1238,32,0.04563864419886192,NO
1239,26,0.04563864419886192,NO
1240,174,0.04563864419886192,NO
1241,31,0.04563864419886192,NO
1242,24,0.04563864419886192,NO
1243,38,0.04563864419886192,NO
1244,119,0.04563864419886192,NO
1245,150,0.04563864419886192,NO
1246,26,0.04563864419886192,NO
1247,45,0.04563864419886192,NO
1248,23,0.04563864419886192,NO
1249,23,0.04563864419886192,NO
1250,23,0.04563864419886192,NO
1251,33,0.04563864419886192,NO
1252,47,0.04563864419886192,NO
1253,29,0.04563864419886192,NO
1254,35,0.04563864419886192,NO
1255,68,0.04563864419886192,NO
1256,22,0.04563864419886192,NO
1257,48,0.04563864419886192,NO
1258,37,0.04563864419886192,NO
1259,92,0.04563864419886192,NO
1260,31,0.04563864419886192,NO
1261,32,0.04563864419886192,NO
1262,36,0.04563864419886192,NO
1263,31,0.04563864419886192,NO
1264,46,0.04563864419886192,NO
1265,26,0.04563864419886192,NO
1266,52,0.04563864419886192,NO
1267,36,0.04563864419886192,NO
1268,65,0.04563864419886192,NO
1269,91,0.04563864419886192,NO
1270,41,0.04563864419886192,NO
1271,48,0.04563864419886192,NO
1272,38,0.04563864419886192,NO
1273,35,0.04563864419886192,NO
1274,130,0.04563864419886192,NO
1275,38,0.04563864419886192,NO
1276,37,0.04563864419886192,NO
1277,51,0.04563864419886192,NO
1278,36,0.04563864419886192,NO
1279,51,0.04563864419886192,NO
1280,76,0.04563864419886192,NO
1281,44,0.04563864419886192,NO
1282,42,0.04563864419886192,NO
1283,46,0.04563864419886192,NO
1284,42,0.04563864419886192,NO
1285,113,0.04563864419886192,NO
1286,53,0.04563864419886192,NO
1287,56,0.04563864419886192,NO
1288,61,0.04563864419886192,NO
1289,49,0.04563864419886192,NO
1290,38,0.04563864419886192,NO
1291,53,0.04563864419886192,NO
1292,43,0.04563864419886192,NO
1293,29,0.04563864419886192,NO
1294,48,0.04563864419886192,NO
1295,96,0.04563864419886192,NO
1296,95,0.04563864419886192,NO
1297,51,0.04563864419886192,NO
1298,29,0.04563864419886192,NO
1299,22,0.04563864419886192,NO
1300,142,0.1,NO
1301,41,0.04563864419886192,NO
1302,175,0.04563864419886192,NO
1303,53,0.04563864419886192,NO
1304,56,0.04563864419886192,NO
1305,27,0.04563864419886192,NO
1306,95,0.04563864419886192,NO
1307,40,0.04563864419886192,NO
1308,42,0.04563864419886192,NO
1309,59,0.04563864419886192,NO
1310,55,0.04563864419886192,NO
1311,38,0.04563864419886192,NO
1312,69,0.04563864419886192,NO
1313,31,0.04563864419886192,NO
1314,50,0.04563864419886192,NO
1315,29,0.04563864419886192,NO
1316,38,0.04563864419886192,NO
1317,39,0.04563864419886192,NO
1318,217,0.04563864419886192,NO
1319,40,0.04563864419886192,NO
1320,27,0.04563864419886192,NO
1321,84,0.04563864419886192,NO
1322,62,0.04563864419886192,NO
1323,80,0.04563864419886192,NO
1324,59,0.04563864419886192,NO
1325,87,0.04563864419886192,NO
1326,93,0.04563864419886192,NO
1327,107,0.04563864419886192,NO
1328,73,0.04563864419886192,NO
1329,107,0.04563864419886192,NO
1330,76,0.04563864419886192,NO
1331,92,0.04563864419886192,NO
1332,24,0.04563864419886192,NO
1333,33,0.04563864419886192,NO
1334,31,0.04563864419886192,NO
1335,63,0.04563864419886192,NO
1336,77,0.04563864419886192,NO
1337,25,0.04563864419886192,NO
1338,26,0.04563864419886192,NO
1339,125,0.04563864419886192,NO
1340,201,0.04563864419886192,NO
1341,172,0.04563864419886192,NO
1342,204,0.04563864419886192,NO
1343,49,0.04563864419886192,NO
1344,38,0.04563864419886192,NO
1345,182,0.04563864419886192,NO
1346,94,0.04563864419886192,NO
1347,138,0.04563864419886192,NO
1348,25,0.04563864419886192,NO
1349,25,0.04563864419886192,NO
1350,36,0.04563864419886192,NO
1351,26,0.04563864419886192,NO
1352,44,0.04563864419886192,NO
1353,52,0.04563864419886192,NO
1354,50,0.04563864419886192,NO
1355,75,0.04563864419886192,NO
1356,28,0.04563864419886192,NO
1357,31,0.04563864419886192,NO
1358,41,0.04563864419886192,NO
1359,26,0.04563864419886192,NO
1360,39,0.04563864419886192,NO
1361,26,0.04563864419886192,NO
1362,30,0.04563864419886192,NO
1363,25,0.04563864419886192,NO
1364,33,0.04563864419886192,NO
1365,44,0.04563864419886192,NO
1366,23,0.04563864419886192,NO
1367,80,0.04563864419886192,NO
1368,78,0.04563864419886192,NO
1369,26,0.04563864419886192,NO
1370,84,0.04563864419886192,NO
1371,91,0.04563864419886192,NO
1372,26,0.04563864419886192,NO
1373,85,0.04563864419886192,NO
1374,67,0.04563864419886192,NO
1375,124,0.04563864419886192,NO
1376,26,0.04563864419886192,NO
1377,25,0.04563864419886192,NO
1378,76,0.04563864419886192,NO
1379,109,0.04563864419886192,NO
1380,24,0.04563864419886192,NO
1381,27,0.04563864419886192,NO
1382,47,0.04563864419886192,NO
1383,185,0.04563864419886192,NO
1384,96,0.04563864419886192,NO
1385,97,0.04563864419886192,NO
1386,23,0.04563864419886192,NO
1387,154,0.04563864419886192,NO
1388,47,0.04563864419886192,NO
1389,176,0.04563864419886192,NO
1390,36,0.04563864419886192,NO
1391,32,0.04563864419886192,NO
1392,30,0.04563864419886192,NO
1393,37,0.04563864419886192,NO
1394,33,0.04563864419886192,NO
1395,32,0.04563864419886192,NO
1396,289,0.04563864419886192,NO
1397,66,0.04563864419886192,NO
1398,439,0.04563864419886192,NO
1399,751,0.04563864419886192,NO
1400,147,0.04563864419886192,NO
1401,47,0.04563864419886192,NO
1402,171,0.04563864419886192,YES
1403,92,0.04563864419886192,NO
1404,60,0.04563864419886192,NO
1405,34,0.04563864419886192,NO
1406,361,0.04563864419886192,NO
1407,60,0.04563864419886192,NO
1408,28,0.04563864419886192,NO
1409,50,0.04563864419886192,NO
1410,35,0.04563864419886192,NO
1411,117,0.04563864419886192,NO
1412,238,0.04563864419886192,NO
1413,59,0.04563864419886192,NO
1414,72,0.04563864419886192,NO
1415,200,0.04563864419886192,NO
1416,44,0.04563864419886192,NO
1417,217,0.04563864419886192,NO
1418,42,0.04563864419886192,NO
1419,87,0.04563864419886192,NO
1420,265,0.04563864419886192,NO
1421,52,0.04563864419886192,NO
1422,40,0.04563864419886192,NO
1423,81,0.04563864419886192,NO
1424,79,0.04563864419886192,NO
1425,40,0.04563864419886192,NO
1426,48,0.04563864419886192,NO
1427,43,0.04563864419886192,NO
1428,44,0.04563864419886192,NO
1429,43,0.04563864419886192,NO
1430,42,0.04563864419886192,NO
1431,57,0.04563864419886192,NO
1432,32,0.04563864419886192,NO
1433,59,0.04563864419886192,NO
1434,60,0.04563864419886192,NO
1435,60,0.04563864419886192,NO
1436,60,0.04563864419886192,NO
1437,45,0.04563864419886192,NO
1438,48,0.04563864419886192,NO
1439,126,0.04563864419886192,YES
1440,214,0.04563864419886192,NO
1441,94,0.04563864419886192,NO
1442,68,0.04563864419886192,NO
1443,356,0.04563864419886192,NO
1444,37,0.04563864419886192,NO
1445,63,0.04563864419886192,NO
1446,24,0.04563864419886192,NO
1447,37,0.04563864419886192,NO
1448,267,0.04563864419886192,NO
1449,92,0.04563864419886192,NO
1450,54,0.04563864419886192,NO
1451,53,0.04563864419886192,NO
1452,44,0.04563864419886192,NO
1453,35,0.04563864419886192,NO
1454,578,0.04563864419886192,NO
1455,33,0.04563864419886192,NO
1456,66,0.04563864419886192,NO
1457,27,0.04563864419886192,NO
1458,568,0.04563864419886192,NO
1459,67,0.04563864419886192,NO
1460,27,0.04563864419886192,NO
1461,177,0.04563864419886192,NO
1462,59,0.04563864419886192,NO
1463,68,0.04563864419886192,NO
1464,156,0.04563864419886192,NO
1465,277,0.04563864419886192,NO
1466,252,0.04563864419886192,NO
1467,43,0.04563864419886192,NO
1468,43,0.04563864419886192,NO
1469,38,0.04563864419886192,NO
1470,134,0.04563864419886192,NO
1471,41,0.04563864419886192,NO
1472,62,0.04563864419886192,NO
1473,128,0.04563864419886192,NO
1474,47,0.04563864419886192,NO
1475,121,0.04563864419886192,NO
1476,210,0.04563864419886192,NO
1477,505,0.04563864419886192,NO
1478,76,0.04563864419886192,NO
1479,43,0.04563864419886192,NO
1480,44,0.04563864419886192,NO
1481,70,0.04563864419886192,NO
1482,142,0.04563864419886192,NO
1483,125,0.04563864419886192,NO
1484,185,0.04563864419886192,NO
1485,132,0.04563864419886192,NO
1486,64,0.04563864419886192,NO
1487,2413,0.04563864419886192,YES
1488,131,0.04563864419886192,NO
1489,188,0.04563864419886192,NO
1490,51,0.04563864419886192,NO
1491,26,0.04563864419886192,NO
1492,80,0.04563864419886192,NO
1493,375,0.04563864419886192,NO
1494,53,0.04563864419886192,NO
1495,84,0.04563864419886192,NO
1496,716,0.04563864419886192,NO
1497,217,0.04563864419886192,NO
1498,175,0.04563864419886192,NO
1499,75,0.04563864419886192,NO
1500,76,0.04563864419886192,NO
1501,53,0.04563864419886192,YES
1502,49,0.04563864419886192,NO
1503,51,0.04563864419886192,NO
1504,47,0.04563864419886192,YES
1505,75,0.04563864419886192,NO
1506,71,0.04563864419886192,YES
1507,132,0.04563864419886192,YES
1508,31,0.04563864419886192,NO
1509,49,0.04563864419886192,NO
1510,26,0.04563864419886192,NO
1511,82,0.04563864419886192,NO
1512,38,0.04563864419886192,NO
1513,121,0.04563864419886192,NO
1514,74,0.04563864419886192,NO
1515,91,0.04563864419886192,NO
1516,77,0.04563864419886192,NO
1517,126,0.04563864419886192,NO
1518,48,0.04563864419886192,NO
1519,42,0.04563864419886192,NO
1520,289,0.04563864419886192,NO
1521,124,0.04563864419886192,NO
1522,43,0.04563864419886192,NO
1523,41,0.04563864419886192,NO
1524,456,0.04563864419886192,YES
1525,75,0.04563864419886192,NO
1526,136,0.2335583813391236,NO
1527,242,0.04563864419886192,NO
1528,130,0.04563864419886192,NO
1529,764,0.04563864419886192,NO
1530,456,0.04563864419886192,NO
1531,137,0.04563864419886192,NO
1532,179,0.04563864419886192,NO
1533,115,0.04563864419886192,NO
1534,41,0.04563864419886192,NO
1535,54,0.04563864419886192,NO
1536,81,0.04563864419886192,NO
1537,72,0.04563864419886192,NO
1538,297,0.04563864419886192,NO
1539,66,0.04563864419886192,NO
1540,85,0.04563864419886192,NO
1541,74,0.04563864419886192,NO
1542,672,0.04563864419886192,NO
1543,88,0.04563864419886192,NO
1544,95,0.04563864419886192,NO
1545,86,0.04563864419886192,NO
1546,83,0.04563864419886192,NO
1547,94,0.04563864419886192,NO
1548,109,0.04563864419886192,NO
1549,53,0.04563864419886192,NO
1550,132,0.04563864419886192,NO
1551,1395,0.04563864419886192,NO
1552,111,0.04563864419886192,NO
1553,299,0.04563864419886192,NO
1554,333,0.04563864419886192,NO
1555,240,0.04563864419886192,NO
1556,82,0.04563864419886192,NO
1557,90,0.04563864419886192,NO
1558,87,0.04563864419886192,NO
1559,49,0.04563864419886192,NO
1560,68,0.04563864419886192,NO
1561,38,0.04563864419886192,NO
1562,163,0.04563864419886192,NO
1563,86,0.04563864419886192,NO
1564,82,0.04563864419886192,NO
1565,71,0.04563864419886192,NO
1566,61,0.04563864419886192,NO
1567,115,0.04563864419886192,NO
1568,60,0.04563864419886192,NO
1569,262,0.04563864419886192,NO
1570,72,0.04563864419886192,NO
1571,266,0.04563864419886192,NO
1572,178,0.04563864419886192,NO
1573,131,0.04563864419886192,NO
1574,118,0.04563864419886192,NO
1575,227,0.04563864419886192,NO
1576,76,0.04563864419886192,NO
1577,105,0.04563864419886192,NO
1578,126,0.04563864419886192,NO
1579,110,0.04563864419886192,NO
1580,187,0.04563864419886192,NO
1581,40,0.04563864419886192,NO
1582,85,0.04563864419886192,NO
1583,100,0.04563864419886192,NO
1584,106,0.04563864419886192,NO
1585,44,0.04563864419886192,NO
1586,112,0.04563864419886192,NO
1587,219,0.04563864419886192,NO
1588,50,0.04563864419886192,NO
1589,39,0.04563864419886192,NO
1590,40,0.04563864419886192,NO
1591,38,0.04563864419886192,NO
1592,95,0.04563864419886192,NO
1593,118,0.04563864419886192,NO
1594,570,0.04563864419886192,NO
1595,391,0.04563864419886192,NO
1596,41,0.04563864419886192,NO
1597,69,0.04563864419886192,NO
1598,41,0.04563864419886192,NO
1599,37,0.04563864419886192,NO
1600,40,0.04563864419886192,NO
1601,97,0.04563864419886192,NO
1602,71,0.04563864419886192,NO
1603,46,0.04563864419886192,NO
